X-position, Y-position, theta, phi, mua, mus, mua, mus, mua, mus, mua, mus, muaLUT, musLUT, muaLUT, musLUT, muaLUT, musLUT, muaLUT, musLUT
773.66, 330.13, 1.6590, 0.0600, 0.0175, 0.5779, 0.0168, 0.5601, 0.0150, 0.5515, 0.0129, 0.5398, 0.0158, 0.6407, 0.0134, 0.6837, 0.0168, 0.4977, 0.0131, 0.5298
774.14, 377.94, 1.6550, 0.0870, 0.0225, 0.5195, 0.0214, 0.5202, 0.0192, 0.4773, 0.0167, 0.4977, 0.0148, 0.2250, 0.0197, 0.5773, 0.0163, 0.5780, 0.0171, 0.4844
776.37, 430.56, 1.5990, 0.1070, 0.0229, 0.5318, 0.0228, 0.5040, 0.0188, 0.5151, 0.0172, 0.5010, 0.0219, 0.5622, 0.0215, 0.5414, 0.0165, 0.5567, 0.0169, 0.4933
778.92, 474.44, 1.5200, 0.1190, 0.0184, 0.5608, 0.0177, 0.5406, 0.0157, 0.5277, 0.0136, 0.5259, 0.0170, 0.6071, 0.0174, 0.4356, 0.0168, 0.4863, 0.0139, 0.5140
725.48, 453.59, 2.0890, 0.2650, 0.0166, 0.5882, 0.0163, 0.5591, 0.0139, 0.5374, 0.0126, 0.5374, 0.0175, 0.5640, 0.0157, 0.5126, 0.0128, 0.5870, 0.0118, 0.4860
719.63, 417.03, 1.8380, 0.0960, 0.0196, 0.5498, 0.0192, 0.5225, 0.0170, 0.4907, 0.0149, 0.5053, 0.0174, 0.3361, 0.0187, 0.5310, 0.0110, 0.4108, 0.0129, 0.5890
728.62, 369.52, 1.8900, 0.0860, 0.0193, 0.5440, 0.0186, 0.5265, 0.0168, 0.4820, 0.0145, 0.5049, 0.0194, 0.3796, 0.0149, 0.5658, 0.0148, 0.5632, 0.0115, 0.6381
731.13, 334.09, 1.9190, 0.0610, 0.0168, 0.5669, 0.0163, 0.5448, 0.0141, 0.5130, 0.0127, 0.5135, 0.0138, 0.3458, 0.0156, 0.5730, 0.0132, 0.5462, 0.0125, 0.5079
733.93, 288.70, 1.8970, 0.0360, 0.0163, 0.6289, 0.0163, 0.5838, 0.0140, 0.5602, 0.0124, 0.5791, 0.0169, 0.6163, 0.0140, 0.4296, 0.0119, 0.6510, 0.0134, 0.5425
739.96, 232.84, 0.0750, 0.0050, 0.0156, 0.6189, 0.0153, 0.5861, 0.0131, 0.5640, 0.0117, 0.5662, 0.0105, 0.3546, 0.0145, 0.6143, 0.0122, 0.6099, 0.0118, 0.5626
708.19, 234.77, 2.6790, 0.0100, 0.0156, 0.6163, 0.0153, 0.5855, 0.0128, 0.5776, 0.0118, 0.5600, 0.0122, 0.4720, 0.0141, 0.6311, 0.0141, 0.5318, 0.0112, 0.3906
675.69, 288.87, 2.3900, 0.0470, 0.0153, 0.6281, 0.0149, 0.6045, 0.0129, 0.5767, 0.0116, 0.5711, 0.0118, 0.3780, 0.0144, 0.6206, 0.0085, 0.4368, 0.0100, 0.2859
680.70, 351.66, 2.0150, 0.0660, 0.0157, 0.6141, 0.0156, 0.5813, 0.0128, 0.5820, 0.0118, 0.5640, 0.0169, 0.4650, 0.0144, 0.6299, 0.0096, 0.5641, 0.0062, 0.4378
677.15, 378.36, 2.1810, 0.2860, 0.0157, 0.6128, 0.0151, 0.5933, 0.0127, 0.5810, 0.0118, 0.5612, 0.0153, 0.6319, 0.0134, 0.6613, 0.0118, 0.5900, 0.0114, 0.5766
649.87, 444.43, 1.8350, 0.0780, 0.0157, 0.6000, 0.0154, 0.5693, 0.0129, 0.5631, 0.0118, 0.5503, 0.0125, 0.4969, 0.0146, 0.5985, 0.0084, 0.3115, 0.0115, 0.5606
678.91, 428.77, 1.7880, 0.0970, 0.0163, 0.5960, 0.0160, 0.5725, 0.0137, 0.5462, 0.0126, 0.5314, 0.0113, 0.3703, 0.0134, 0.6648, 0.0112, 0.6525, 0.0116, 0.5746
677.43, 480.49, 1.7770, 0.1210, 0.0157, 0.6170, 0.0152, 0.5939, 0.0130, 0.5753, 0.0119, 0.5591, 0.0141, 0.6687, 0.0117, 0.5123, 0.0144, 0.5212, 0.0072, 0.1813
718.53, 483.94, 1.5910, 0.1280, 0.0160, 0.6071, 0.0158, 0.5864, 0.0135, 0.5557, 0.0124, 0.5432, 0.0142, 0.6729, 0.0152, 0.6048, 0.0130, 0.5801, 0.0116, 0.5756
818.14, 453.29, 1.2460, 0.1170, 0.0174, 0.5806, 0.0172, 0.5517, 0.0153, 0.5192, 0.0133, 0.5329, 0.0196, 0.5206, 0.0198, 0.4681, 0.0145, 0.5530, 0.0133, 0.5371
805.51, 409.96, 1.2790, 0.0960, 0.0214, 0.5462, 0.0209, 0.5275, 0.0186, 0.4912, 0.0164, 0.5043, 0.0214, 0.3429, 0.0153, 0.7072, 0.0203, 0.4291, nan, nan
802.77, 378.90, 1.2970, 0.0470, 0.0202, 0.5514, 0.0198, 0.5309, 0.0168, 0.5177, 0.0153, 0.5130, 0.0164, 0.3784, 0.0176, 0.6018, 0.0164, 0.5465, 0.0141, 0.5591
760.48, 395.96, 1.5720, 0.0680, 0.0240, 0.5252, 0.0229, 0.5266, 0.0195, 0.5097, 0.0181, 0.4949, 0.0251, 0.5051, 0.0245, 0.4838, 0.0105, 0.2631, 0.0168, 0.4014
749.84, 411.79, 1.6230, 0.0910, 0.0230, 0.5370, 0.0229, 0.5130, 0.0196, 0.4985, 0.0176, 0.5038, 0.0276, 0.3857, 0.0198, 0.2961, 0.0115, 0.3239, 0.0142, 0.6244
749.77, 434.86, 1.5260, 0.0870, 0.0219, 0.5384, 0.0213, 0.5209, 0.0179, 0.5226, 0.0166, 0.5040, 0.0250, 0.4505, 0.0149, 0.4809, 0.0189, 0.4948, 0.0161, 0.4621
756.66, 460.95, 1.5720, 0.0840, 0.0190, 0.5631, 0.0186, 0.5417, 0.0159, 0.5264, 0.0147, 0.5139, 0.0153, 0.4009, 0.0142, 0.6883, 0.0157, 0.5432, 0.0165, 0.4404
782.21, 444.61, 1.5630, 0.0830, 0.0211, 0.5421, 0.0205, 0.5273, 0.0176, 0.5090, 0.0160, 0.5024, 0.0188, 0.4296, 0.0210, 0.5113, 0.0178, 0.4373, 0.0147, 0.5455
815.55, 433.11, 1.4730, 0.0860, 0.0193, 0.5633, 0.0189, 0.5318, 0.0163, 0.5063, 0.0146, 0.5097, 0.0189, 0.5819, 0.0123, 0.5522, 0.0145, 0.5812, 0.0129, 0.5803
830.56, 426.08, 1.3290, 0.0640, 0.0178, 0.5855, 0.0172, 0.5694, 0.0147, 0.5520, 0.0137, 0.5332, 0.0178, 0.4021, 0.0155, 0.6166, 0.0148, 0.5658, 0.0152, 0.3275
849.88, 413.28, 0.9960, 0.0610, 0.0167, 0.5874, 0.0158, 0.5825, 0.0135, 0.5809, 0.0129, 0.5259, 0.0173, 0.5693, 0.0117, 0.4488, 0.0108, 0.7051, 0.0083, 0.2000
871.27, 394.46, 0.8920, 0.0590, 0.0160, 0.6156, 0.0154, 0.5933, 0.0136, 0.5577, 0.0121, 0.5620, 0.0152, 0.6447, 0.0138, 0.6506, 0.0150, 0.5138, 0.0111, 0.6152
842.45, 374.88, 0.6930, 0.0620, 0.0171, 0.5919, 0.0166, 0.5712, 0.0137, 0.5763, 0.0132, 0.5379, 0.0206, 0.4846, 0.0141, 0.4145, 0.0137, 0.5820, 0.0111, 0.6166
829.00, 390.45, 1.1900, 0.0680, 0.0180, 0.5663, 0.0177, 0.5375, 0.0153, 0.5256, 0.0138, 0.5115, 0.0169, 0.6024, 0.0177, 0.4925, 0.0129, 0.6162, 0.0141, 0.5002
825.34, 361.89, 0.7530, 0.0240, 0.0172, 0.5799, 0.0168, 0.5537, 0.0143, 0.5457, 0.0131, 0.5266, 0.0137, 0.4249, 0.0111, 0.2878, 0.0077, 0.2783, 0.0112, 0.6026
786.38, 359.78, 0.1560, 0.0150, 0.0193, 0.5541, 0.0189, 0.5258, 0.0161, 0.5119, 0.0147, 0.5063, 0.0177, 0.3467, 0.0156, 0.3338, 0.0143, 0.5837, 0.0137, 0.2670
761.95, 356.68, 1.9170, 0.0150, 0.0195, 0.5534, 0.0192, 0.5272, 0.0166, 0.5007, 0.0150, 0.5024, 0.0211, 0.5119, 0.0154, 0.5419, 0.0155, 0.5532, 0.0075, 0.2333
779.11, 264.97, -1.1030, 0.0170, 0.0155, 0.6324, 0.0152, 0.6025, 0.0130, 0.5815, 0.0119, 0.5723, 0.0100, 0.3012, 0.0127, 0.7019, 0.0132, 0.5866, 0.0127, 0.5506
780.01, 261.93, -1.5210, 0.0130, 0.0155, 0.6318, 0.0150, 0.6084, 0.0128, 0.5911, 0.0116, 0.5827, 0.0115, 0.3782, 0.0128, 0.6946, 0.0114, 0.6522, 0.0107, 0.5311
785.60, 223.26, -1.1890, 0.0340, 0.0154, 0.6314, 0.0149, 0.6086, 0.0129, 0.5848, 0.0116, 0.5793, 0.0158, 0.6244, 0.0153, 0.5968, 0.0100, 0.5538, 0.0120, 0.5622
788.01, 165.76, -1.4400, 0.0620, 0.0156, 0.6291, 0.0153, 0.5976, 0.0130, 0.5859, 0.0118, 0.5776, 0.0157, 0.6306, 0.0159, 0.5758, 0.0136, 0.5686, 0.0105, 0.6322
788.09, 124.37, -1.4370, 0.0670, 0.0158, 0.6151, 0.0155, 0.5858, 0.0132, 0.5710, 0.0119, 0.5653, 0.0149, 0.6549, 0.0150, 0.6057, 0.0121, 0.6155, 0.0104, 0.6176
761.37, 50.28, -1.5220, 0.1010, 0.0155, 0.6219, 0.0150, 0.5963, 0.0132, 0.5676, 0.0119, 0.5605, 0.0152, 0.6406, 0.0143, 0.6220, 0.0123, 0.6089, 0.0097, 0.6521
681.58, 59.88, -2.0260, 0.1060, 0.0152, 0.6288, 0.0147, 0.6066, 0.0129, 0.5772, 0.0114, 0.5771, 0.0098, 0.3004, 0.0154, 0.5840, 0.0148, 0.5065, 0.0104, 0.6262
670.64, 116.70, -2.1970, 0.0640, 0.0156, 0.6179, 0.0150, 0.5971, 0.0128, 0.5791, 0.0116, 0.5708, 0.0098, 0.2794, 0.0131, 0.6658, 0.0085, 0.4368, 0.0103, 0.6277
667.53, 133.77, -1.9660, 0.0790, 0.0154, 0.6254, 0.0151, 0.5943, 0.0130, 0.5690, 0.0118, 0.5640, 0.0088, 0.2318, 0.0124, 0.6220, 0.0133, 0.3158, 0.0118, 0.5650
670.21, 159.90, -2.2590, 0.0530, 0.0154, 0.6273, 0.0153, 0.5879, 0.0129, 0.5785, 0.0115, 0.5789, 0.0162, 0.5666, 0.0174, 0.5180, 0.0122, 0.6046, 0.0103, 0.6300
669.34, 211.78, -2.1220, 0.0390, 0.0151, 0.6414, 0.0148, 0.6090, 0.0129, 0.5822, 0.0116, 0.5815, 0.0136, 0.3439, 0.0134, 0.6648, 0.0129, 0.5803, 0.0119, 0.5625
656.20, 249.41, -2.6930, 0.0490, 0.0150, 0.6424, 0.0150, 0.6032, 0.0129, 0.5810, 0.0113, 0.5906, 0.0111, 0.3778, 0.0173, 0.5171, 0.0066, 0.2938, 0.0081, 0.3835
643.28, 270.72, -2.5960, 0.0420, 0.0153, 0.6378, 0.0149, 0.6109, 0.0128, 0.5910, 0.0116, 0.5824, 0.0162, 0.6166, 0.0136, 0.6605, 0.0143, 0.5367, 0.0120, 0.5693
624.79, 301.86, -2.7750, 0.0570, 0.0154, 0.6338, 0.0151, 0.6069, 0.0127, 0.5965, 0.0116, 0.5823, 0.0153, 0.6442, 0.0140, 0.6463, 0.0132, 0.5734, 0.0133, 0.5091
616.40, 327.05, -2.6670, 0.0610, 0.0155, 0.6307, 0.0150, 0.6075, 0.0131, 0.5767, 0.0116, 0.5811, 0.0154, 0.6357, 0.0121, 0.3088, 0.0125, 0.6008, 0.0104, 0.6360
614.59, 360.94, -2.8190, 0.0570, 0.0154, 0.6319, 0.0150, 0.6059, 0.0129, 0.5808, 0.0115, 0.5840, 0.0151, 0.6422, 0.0149, 0.6098, 0.0114, 0.5733, 0.0134, 0.5064
627.03, 511.32, 1.9460, 0.1340, 0.0155, 0.6338, 0.0149, 0.6081, 0.0125, 0.6003, 0.0114, 0.5816, 0.0150, 0.6492, 0.0162, 0.5678, 0.0066, 0.2938, 0.0095, 0.3668
627.86, 511.35, 1.8640, 0.1270, 0.0153, 0.6373, 0.0149, 0.6064, 0.0124, 0.6011, 0.0115, 0.5771, 0.0160, 0.6141, 0.0171, 0.5304, 0.0080, 0.2658, 0.0097, 0.6667
674.35, 511.75, 1.7090, 0.1310, 0.0156, 0.6317, 0.0151, 0.6005, 0.0129, 0.5775, 0.0117, 0.5716, 0.0189, 0.5333, 0.0139, 0.6501, 0.0132, 0.5721, 0.0096, 0.4664
678.08, 514.00, 1.6540, 0.0980, 0.0149, 0.6342, 0.0146, 0.5971, 0.0125, 0.5800, 0.0113, 0.5731, 0.0115, 0.4498, 0.0148, 0.6007, 0.0125, 0.5860, 0.0091, 0.6769
703.50, 503.65, 1.6720, 0.1130, 0.0162, 0.6030, 0.0161, 0.5650, 0.0138, 0.5473, 0.0122, 0.5504, 0.0114, 0.3887, 0.0135, 0.6555, 0.0127, 0.4722, 0.0084, 0.3936
747.75, 497.03, 1.4700, 0.0900, 0.0150, 0.6489, 0.0144, 0.6295, 0.0118, 0.6326, 0.0113, 0.5980, 0.0149, 0.6513, 0.0090, 0.2875, 0.0157, 0.5190, 0.0117, 0.6141
798.37, 476.46, 1.1610, 0.0860, 0.0180, 0.5695, 0.0179, 0.5387, 0.0158, 0.5124, 0.0140, 0.5135, 0.0182, 0.5545, 0.0130, 0.3389, 0.0073, 0.2304, 0.0111, 0.6283
837.76, 459.97, 1.0990, 0.0730, 0.0166, 0.5907, 0.0161, 0.5708, 0.0141, 0.5399, 0.0126, 0.5370, 0.0180, 0.5570, 0.0133, 0.3682, 0.0107, 0.6719, 0.0103, 0.6408
872.46, 441.87, 0.8350, 0.0660, 0.0159, 0.6095, 0.0158, 0.5780, 0.0132, 0.5720, 0.0122, 0.5479, 0.0080, 0.3589, 0.0149, 0.6068, 0.0109, 0.6707, 0.0135, 0.3881
840.56, 286.67, -0.3180, 0.0500, 0.0153, 0.6298, 0.0149, 0.6023, 0.0129, 0.5765, 0.0115, 0.5728, 0.0135, 0.6957, 0.0122, 0.7028, 0.0147, 0.5058, 0.0052, 0.2424
839.46, 287.63, -0.3520, 0.0380, 0.0156, 0.6219, 0.0151, 0.5940, 0.0128, 0.5820, 0.0115, 0.5767, 0.0148, 0.6488, 0.0124, 0.6157, 0.0130, 0.5747, 0.0100, 0.6403
811.14, 305.01, -0.0240, 0.0270, 0.0154, 0.6274, 0.0151, 0.5943, 0.0129, 0.5794, 0.0116, 0.5726, 0.0152, 0.6307, 0.0134, 0.6619, 0.0129, 0.5736, 0.0120, 0.5575
801.04, 314.50, 0.5100, 0.0230, 0.0157, 0.6166, 0.0154, 0.5833, 0.0131, 0.5699, 0.0119, 0.5584, 0.0149, 0.6467, 0.0151, 0.5935, 0.0140, 0.5408, 0.0095, 0.6692
793.21, 324.46, 0.5110, 0.0250, 0.0160, 0.6134, 0.0160, 0.5698, 0.0135, 0.5611, 0.0123, 0.5524, 0.0157, 0.6301, 0.0108, 0.4243, 0.0126, 0.6043, 0.0111, 0.6043
754.10, 324.42, 0.7280, 0.0170, 0.0169, 0.6004, 0.0171, 0.5563, 0.0142, 0.5596, 0.0128, 0.5535, 0.0184, 0.5534, 0.0156, 0.5913, 0.0104, 0.5280, 0.0113, 0.6009
735.75, 293.68, -1.4310, 0.0150, 0.0153, 0.6370, 0.0153, 0.5939, 0.0128, 0.5858, 0.0117, 0.5767, 0.0163, 0.6120, 0.0190, 0.4137, 0.0125, 0.6022, 0.0107, 0.5671
807.04, 412.46, 1.3910, 0.0930, 0.0205, 0.5519, 0.0201, 0.5228, 0.0174, 0.5061, 0.0154, 0.5160, 0.0258, 0.3961, 0.0183, 0.5827, 0.0163, 0.4402, 0.0092, 0.1719
794.81, 410.74, 1.3100, 0.0850, 0.0224, 0.5490, 0.0220, 0.5265, 0.0188, 0.5129, 0.0168, 0.5157, 0.0225, 0.5492, 0.0264, 0.3966, 0.0161, 0.4526, 0.0173, 0.5131
766.91, 401.07, 1.3600, 0.0740, 0.0231, 0.5401, 0.0223, 0.5302, 0.0196, 0.4959, 0.0175, 0.5027, 0.0227, 0.5315, 0.0222, 0.5405, 0.0176, 0.5651, 0.0195, 0.4297
767.87, 401.12, 1.4460, 0.0700, 0.0230, 0.5418, 0.0223, 0.5286, 0.0195, 0.4983, 0.0174, 0.5058, 0.0238, 0.4515, 0.0213, 0.5619, 0.0140, 0.6845, 0.0148, 0.6019
739.33, 465.93, 1.6240, 0.0790, 0.0189, 0.5656, 0.0185, 0.5352, 0.0161, 0.5136, 0.0144, 0.5199, 0.0235, 0.4070, 0.0177, 0.5593, 0.0164, 0.5035, 0.0152, 0.3814
741.77, 475.23, 1.4370, 0.0930, 0.0182, 0.5708, 0.0181, 0.5280, 0.0158, 0.5017, 0.0143, 0.5050, 0.0140, 0.6174, 0.0146, 0.6461, 0.0129, 0.4321, 0.0132, 0.5431
764.63, 477.13, 1.3890, 0.1000, 0.0183, 0.5764, 0.0179, 0.5510, 0.0152, 0.5345, 0.0143, 0.5410, 0.0170, 0.6186, 0.0161, 0.6188, 0.0170, 0.4766, 0.0149, 0.5259
